nan
nan
1.246501389104539594e-02
2.939435771037026690e-01
5.617487389513287077e-01
6.894524139187686584e-01
8.467588542689110653e-01
8.827444734321245878e-01
9.337275426650700760e-01
9.543287120072617702e-01
9.690115328255680671e-01
9.494959542317357171e-01
9.259213742441848582e-01
9.682477799208474289e-01
9.811316747567858654e-01
9.900962873788964336e-01
9.811478873330434780e-01
9.673910221502425300e-01
9.670617594315445986e-01
1.007214846570904321e+00
9.719809352181686402e-01
9.820444352380108821e-01
9.802530700406778541e-01
9.854545379184604936e-01
1.015827976826630064e+00
