8.585076289775831482e-01
6.529272774160979065e-01
1.000469042982220502e+00
9.440220119243194485e-01
9.701738327949886997e-01
9.629264400386302603e-01
1.027142798111484900e+00
1.016588999002872695e+00
9.833606175185679588e-01
1.023406335911453580e+00
1.001492223798172487e+00
1.008613605571902827e+00
9.485163873164833559e-01
9.849113950680024043e-01
9.844449464996453125e-01
1.011384960551131140e+00
9.925987768913943077e-01
9.486659599877689253e-01
9.723649363391282385e-01
1.016896085112563020e+00
9.815075864604370093e-01
9.714343086278156569e-01
9.656784696039166782e-01
9.535488046191198386e-01
1.022586365556090726e+00
